1.814008455559499922e+01
1.671461040919497520e+01
1.537776599825396850e+01
1.420070180409589966e+01
1.322280202752460099e+01
1.246064218869658369e+01
1.191532717484591686e+01
1.157671764128697411e+01
1.142567192164388423e+01
1.143518627609436855e+01
1.157101174506992081e+01
1.179226314500721529e+01
1.205269997373449797e+01
1.230363424960846075e+01
1.249940438478666849e+01
1.260527776321541893e+01
1.260521383238924997e+01
1.250502834366545102e+01
1.232831382427711375e+01
1.210726979136773984e+01
1.187330965465906019e+01
1.165084198345077660e+01
1.145480222837758078e+01
1.129093319934950834e+01
1.115760449295750156e+01
1.104829556166784599e+01
1.095419855164413292e+01
1.086658034148709362e+01
1.077862336760387763e+01
1.068653121033831610e+01
1.058980181039690116e+01
1.049074198697434035e+01
1.039346385703910336e+01
1.030269245013389678e+01
1.022269208739673552e+01
1.015651641587520437e+01
1.010566187273904326e+01
1.007010067445456869e+01
1.004860118568448435e+01
1.003920733153662326e+01
1.003974095490145757e+01
1.004821227209824741e+01
1.006307045158990299e+01
1.008328421597683899e+01
1.010828779539293265e+01
1.013783961801301459e+01
1.017181890072345141e+01
1.020995870935996841e+01
1.025152522311456949e+01
1.029501118925348813e+01
1.033797199740378936e+01
1.037713405715141946e+01
1.040882481700230855e+01
1.042964366335448645e+01
1.043717627279519888e+01
1.043051247082322064e+01
1.041038593497399845e+01
1.037889022908604453e+01
1.033887910622873996e+01
1.029326396615820549e+01
1.024443954407204593e+01
1.019400403957574319e+01
1.014282633076647677e+01
1.009139010846947571e+01
1.004024116008117318e+01
9.990303975086805011e+00
9.942849196066992690e+00
9.899007184227260225e+00
9.858913637453181167e+00
9.820769661003044604e+00
9.780220262511022611e+00
9.730452356863173335e+00
9.663267742567178686e+00
9.571091848703931149e+00
9.449465087259046214e+00
9.299177056398400865e+00
9.127122091388834235e+00
8.945372713967273626e+00
8.768705909605509774e+00
8.611396961103423564e+00
8.484200745059810700e+00
8.392176571696962739e+00
8.333684773271034629e+00
8.300672471981096479e+00
8.280241310422916001e+00
8.257309667932286601e+00
8.217851793145657169e+00
8.151823428320749798e+00
8.054797429959322130e+00
7.927799541219595625e+00
7.775659178646077585e+00
7.604795914484371977e+00
7.421367380711114237e+00
7.230247143528440112e+00
7.034790051314935511e+00
6.837068571943666129e+00
6.638258264505729755e+00
6.438980724668596167e+00
6.239541368031017221e+00
6.040070816280534771e+00
1.797348206993852671e+01
1.676357302624943202e+01
1.560940485103413700e+01
1.456639751503428037e+01
1.367119717259415346e+01
1.294341406245075277e+01
1.238959742927304042e+01
1.200621888925248903e+01
1.178157339196039644e+01
1.169696681321329201e+01
1.172754564544804978e+01
1.184310456578326232e+01
1.200925494385135117e+01
1.218941094541629155e+01
1.234800451840938962e+01
1.245493025230986461e+01
1.249031766353555994e+01
1.244778431619256764e+01
1.233439479020604068e+01
1.216710772597726731e+01
1.196735167632358632e+01
1.175592877686754179e+01
1.154960935237578035e+01
1.135963999503426436e+01
1.119172782373781416e+01
1.104692354915112062e+01
1.092293550188738394e+01
1.081555488751450689e+01
1.071997922354744759e+01
1.063188561335649140e+01
1.054815444626231979e+01
1.046720003489927997e+01
1.038893218707934984e+01
1.031443702518449435e+01
1.024550492032376248e+01
1.018413653017612042e+01
1.013212966362099188e+01
1.009080523358939274e+01
1.006088508558029204e+01
1.004249835215519049e+01
1.003527209946237875e+01
1.003845840272658663e+01
1.005106054772704738e+01
1.007193801596662297e+01
1.009988364356680002e+01
1.013366946673250979e+01
1.017205080327138056e+01
1.021371348678034252e+01
1.025716390273436396e+01
1.030059792226696658e+01
1.034182037331587445e+01
1.037829070305252444e+01
1.040733157902509554e+01
1.042647168580961115e+01
1.043383370455900128e+01
1.042845234649858632e+01
1.041042712220939670e+01
1.038087062008157524e+01
1.034168074700561846e+01
1.029521671756200440e+01
1.024397451856183672e+01
1.019033606172017770e+01
1.013642113831366842e+01
1.008402217188249139e+01
1.003456373775268595e+01
9.989012084960906535e+00
9.947674710853711133e+00
9.909883072334910281e+00
9.873633662219704732e+00
9.835344339660593960e+00
9.789924289882234731e+00
9.731324018421780409e+00
9.653611637804528911e+00
9.552426591507824583e+00
9.426447102601242634e+00
9.278377294594898572e+00
9.115026830941349800e+00
8.946341764048954204e+00
8.783616324245334894e+00
8.637367292434397825e+00
8.515381185155028732e+00
8.421309385136142467e+00
8.354016719309720784e+00
8.307762987427460999e+00
8.273204620414327692e+00
8.239087235465916592e+00
8.194324541677998397e+00
8.129975916459471819e+00
8.040582363515216713e+00
7.924514326836559874e+00
7.783369421692635015e+00
7.620808653680518852e+00
7.441332496662209195e+00
7.249356725484505048e+00
7.048699712636743442e+00
6.842403276369280363e+00
6.632745363692083451e+00
6.421329861611673628e+00
6.209190927095144197e+00
5.996887757244634187e+00
1.779459623807340307e+01
1.676589875937276375e+01
1.577152913522749955e+01
1.485249221014443322e+01
1.404023587046531496e+01
1.335462843010854783e+01
1.280535405885891720e+01
1.239363530633823807e+01
1.211361593233955070e+01
1.195339689731047095e+01
1.189587004091401568e+01
1.191952725303757710e+01
1.199944287836217782e+01
1.210864193081273932e+01
1.222003434717833059e+01
1.230894211926051263e+01
1.235592360250345223e+01
1.234920122243336671e+01
1.228581988548781823e+01
1.217099485642767931e+01
1.201585302190705029e+01
1.183441371963102995e+01
1.164076866868246718e+01
1.144706804479888085e+01
1.126246098061026046e+01
1.109283689851438304e+01
1.094111011501110653e+01
1.080780734345348293e+01
1.069177595923845381e+01
1.059088739928329659e+01
1.050265324380887932e+01
1.042470433448887590e+01
1.035511099764114995e+01
1.029254698504692023e+01
1.023631946314618624e+01
1.018629976073012955e+01
1.014279359335603026e+01
1.010638595006177454e+01
1.007778689319400023e+01
1.005769332632188728e+01
1.004667211264405324e+01
1.004506477979107260e+01
1.005291375126691200e+01
1.006991204510596205e+01
1.009537893024123001e+01
1.012826040274775785e+01
1.016714633361779008e+01
1.021029161251628281e+01
1.025563420553633520e+01
1.030081970485068155e+01
1.034325923647716472e+01
1.038025093615357619e+01
1.040917830933252830e+01
1.042776831488503042e+01
1.043436256496364045e+01
1.042814059483964684e+01
1.040924108488341915e+01
1.037875184890422986e+01
1.033857203041378980e+01
1.029117791979274799e+01
1.023933781702729107e+01
1.018581907420705157e+01
1.013311675740807694e+01
1.008321629479443082e+01
1.003738851515274355e+01
9.996009054559824136e+00
9.958399716051610895e+00
9.922710022064405777e+00
9.885888536944896998e+00
9.843820513196668287e+00
9.791709647208277190e+00
9.724740039685091375e+00
9.638968457856570637e+00
9.532288414125508424e+00
9.405220089414591200e+00
9.261265406881326712e+00
9.106656366611352027e+00
8.949495936385790884e+00
8.798470262990239377e+00
8.661417585303301081e+00
8.544041650007198285e+00
8.448986555722392211e+00
8.375400801596434519e+00
8.319044735364871102e+00
8.272934570800533294e+00
8.228443871419107936e+00
8.176686400835924573e+00
8.109905963660276385e+00
8.022559134910636658e+00
7.911849612614357596e+00
7.777649159646469634e+00
7.621937251397966406e+00
7.448011044707809170e+00
7.259714458974376505e+00
7.060841673798347706e+00
6.854758382551618290e+00
6.644209526210548056e+00
6.431256464590896726e+00
6.217291442427494985e+00
6.003092105891219887e+00
1.760468431185047322e+01
1.672912663143819145e+01
1.587430828996025589e+01
1.506923811076038255e+01
1.433917667813916630e+01
1.370230768051902714e+01
1.316950625125148377e+01
1.274500741158056094e+01
1.242722314913037707e+01
1.220950780768908750e+01
1.208086507209443461e+01
1.202665524538038966e+01
1.202938541531280237e+01
1.206967213408563744e+01
1.212745149631368413e+01
1.218345605576374169e+01
1.222086678799764492e+01
1.222689830008393130e+01
1.219395846207625667e+01
1.212004196439946746e+01
1.200821718599978460e+01
1.186536251556200661e+01
1.170053198559062402e+01
1.152336732154374843e+01
1.134284869501857784e+01
1.116649794642572147e+01
1.100000784571802370e+01
1.084720016690079625e+01
1.071020049284613940e+01
1.058973262656896175e+01
1.048546010380318982e+01
1.039632610278107627e+01
1.032086221351870670e+01
1.025745032363122711e+01
1.020453075324204306e+01
1.016075482581619660e+01
1.012508271545362959e+01
1.009682888698027448e+01
1.007565848384312446e+01
1.006153910974964028e+01
1.005465417053680355e+01
1.005528672071775098e+01
1.006368618304456142e+01
1.007993301672303943e+01
1.010381679570962987e+01
1.013474032320552709e+01
1.017165718071852254e+01
1.021304555305986561e+01
1.025692089425653641e+01
1.030089429348308627e+01
1.034228729240488143e+01
1.037831068859667205e+01
1.040630189765708025e+01
1.042399643859912572e+01
1.042979188007530134e+01
1.042295495192198906e+01
1.040372851635313367e+01
1.037331331760124264e+01
1.033372401513940808e+01
1.028754213613201074e+01
1.023760366387902998e+01
1.018666334577749666e+01
1.013707332201378719e+01
1.009050470037791669e+01
1.004773134925626721e+01
1.000848842828075291e+01
9.971416420686592730e+00
9.934105646386688804e+00
9.893263319584111315e+00
9.845026852004874485e+00
9.785432950951753028e+00
9.711016630979601771e+00
9.619463450368332502e+00
9.510190486150893463e+00
9.384710923696690799e+00
9.246661584368652598e+00
9.101442605410092312e+00
8.955512516077810403e+00
8.815465389447384226e+00
8.687060086769070821e+00
8.574367091796839091e+00
8.479160951853346617e+00
8.400638885411057188e+00
8.335502881165206546e+00
8.278402475617873790e+00
8.222688502071257233e+00
8.161369802319757838e+00
8.088107346125857688e+00
7.998051605708091927e+00
7.888356185601288928e+00
7.758285851562910729e+00
7.608950191795823770e+00
7.442788424567244654e+00
7.262969481087856671e+00
7.072847991282655400e+00
6.875555938364589004e+00
6.673747400030778820e+00
6.469473476369867804e+00
6.264149649175272394e+00
6.058579802771262734e+00
1.740359484194815920e+01
1.665857992129418363e+01
1.592584092242389460e+01
1.522505578305899476e+01
1.457535880974167775e+01
1.399211588012510177e+01
1.348591441789642609e+01
1.306250555782268030e+01
1.272312249116404459e+01
1.246493819962622140e+01
1.228158001182559111e+01
1.216368504766448844e+01
1.209950938620776917e+01
1.207561539224848701e+01
1.207766058750130611e+01
1.209129481303270559e+01
1.210313677340622363e+01
1.210174967923755140e+01
1.207848485035136754e+01
1.202803994477029192e+01
1.194861059123152813e+01
1.184160163384703779e+01
1.171097360187137504e+01
1.156238178249035720e+01
1.140228692591986004e+01
1.123718120611416715e+01
1.107300916602910235e+01
1.091480177611879299e+01
1.076649989307071387e+01
1.063092405674453111e+01
1.050984504689613708e+01
1.040411631690304795e+01
1.031383915758219594e+01
1.023854038830279833e+01
1.017734881052871287e+01
1.012916044619275624e+01
1.009278446070136148e+01
1.006706260668310726e+01
1.005095584538065268e+01
1.004359315022298915e+01
1.004427988627754331e+01
1.005246682377228140e+01
1.006768542401859179e+01
1.008945954946424806e+01
1.011720697443971595e+01
1.015014510186012409e+01
1.018721413950084553e+01
1.022702890817161148e+01
1.026786910421555099e+01
1.030771737468398008e+01
1.034435269609781116e+01
1.037550034342916305e+01
1.039902852506252451e+01
1.041316821294805628e+01
1.041672158329673437e+01
1.040922039858425840e+01
1.039100094845039557e+01
1.036317593655749469e+01
1.032750224534668604e+01
1.028616172377546079e+01
1.024148543882009932e+01
1.019565787391617739e+01
1.015043682365880962e+01
1.010691953663875253e+01
1.006537855670983816e+01
1.002518367089519025e+01
9.984820725785521489e+00
9.942014107399211653e+00
9.893955628560730631e+00
9.837634641847488481e+00
9.770248830525844141e+00
9.689652590859960668e+00
9.594776500612372416e+00
9.485937637406657075e+00
9.364965948948944074e+00
9.235099412529109486e+00
9.100644643350333851e+00
8.966447609315210343e+00
8.837257126180233513e+00
8.717081856584629307e+00
8.608637827895583072e+00
8.512964099881255464e+00
8.429258173195783854e+00
8.354955847383058298e+00
8.286052376532351715e+00
8.217629609274537117e+00
8.144517055531308003e+00
8.061981073598367686e+00
7.966319852612185670e+00
7.855255490684522002e+00
7.728060313266824188e+00
7.585420241712151679e+00
7.429100960458593583e+00
7.261519844351535191e+00
7.085326329724534133e+00
6.903062040576374514e+00
6.716929306700512470e+00
6.528662245679442755e+00
6.339476918977265285e+00
6.150073862370559752e+00
1.719067503810709852e+01
1.655772139356170314e+01
1.593186561265417289e+01
1.532590832147427129e+01
1.475355601988126253e+01
1.422690889577364537e+01
1.375527992482478012e+01
1.334475360358427132e+01
1.299814647384758892e+01
1.271518832031453883e+01
1.249283009354663498e+01
1.232563028597013854e+01
1.220619597078387386e+01
1.212566865630943447e+01
1.207425186335787259e+01
1.204177680866151690e+01
1.201829430672257537e+01
1.199466609201725120e+01
1.196311116710000455e+01
1.191764952389433319e+01
1.185438486797315427e+01
1.177158501655467404e+01
1.166955140746427944e+01
1.155030763186595166e+01
1.141716760210121073e+01
1.127425702615373915e+01
1.112605566104961419e+01
1.097700830246118997e+01
1.083122867811748335e+01
1.069229987443921459e+01
1.056316138747672717e+01
1.044606653835745291e+01
1.034259292627425708e+01
1.025369035787523408e+01
1.017975332790526544e+01
1.012070754454600596e+01
1.007610184885255755e+01
1.004519822535829476e+01
1.002705364262218879e+01
1.002058846880150256e+01
1.002463749859536257e+01
1.003798146832066074e+01
1.005935934872960402e+01
1.008746439240883852e+01
1.012092934899484575e+01
1.015830790089966840e+01
1.019805995405770460e+01
1.023854820777737373e+01
1.027805294761922461e+01
1.031481120735788615e+01
1.034708429603408142e+01
1.037325304045352681e+01
1.039193308409245553e+01
1.040209501950648807e+01
1.040316868289888141e+01
1.039510986577983154e+01
1.037841185409690503e+01
1.035405275521021551e+01
1.032338040351430486e+01
1.028794712379880139e+01
1.024931450244513265e+01
1.020885234355878524e+01
1.016755620594346965e+01
1.012590521172588787e+01
1.008377724404525644e+01
1.004043307288975129e+01
9.994575034528175195e+00
9.944479952960669777e+00
9.888199602389803999e+00
9.823814139573736171e+00
9.749714069186076415e+00
9.664875843410937861e+00
9.569088751820995498e+00
9.463090597334138820e+00
9.348579207670621116e+00
9.228085167668201194e+00
9.104714393627928004e+00
8.981792048992911504e+00
8.862456781194101296e+00
8.749262827491010697e+00
8.643846204430426283e+00
8.546701643852314234e+00
8.457102261216386196e+00
8.373176564955736367e+00
8.292137946888573197e+00
8.210640084843992881e+00
8.125209350580554712e+00
8.032687295895836854e+00
7.930609575794455246e+00
7.817457528563743097e+00
7.692745069680023029e+00
7.556940391656849165e+00
7.411258441569414046e+00
7.257384318431779668e+00
7.097191651893559161e+00
6.932504612161475066e+00
6.764927117852146843e+00
6.595740048750087681e+00
6.425853853005148331e+00
6.255799942723617946e+00
1.696489769631735101e+01
1.642865787182503468e+01
1.589640848390598649e+01
1.537611878308011981e+01
1.487707287385817700e+01
1.440817716096864842e+01
1.397694806710557636e+01
1.358896379531382514e+01
1.324763061951725618e+01
1.295416402686271695e+01
1.270771698066006827e+01
1.250560688905514084e+01
1.234360608791829961e+01
1.221627142191718640e+01
1.211729712291012895e+01
1.203988058616054957e+01
1.197709219168927852e+01
1.192223834737726307e+01
1.186920269268536643e+01
1.181274586234192192e+01
1.174874171322893446e+01
1.167432956241239772e+01
1.158796876550435329e+01
1.148939309732182856e+01
1.137947531842699078e+01
1.126002356247369285e+01
1.113353780756634670e+01
1.100295543618995353e+01
1.087141049134997672e+01
1.074202383923875814e+01
1.061773348685468576e+01
1.050116758500751146e+01
1.039455796912217878e+01
1.029968938971553349e+01
1.021787837217066297e+01
1.014997539530454418e+01
1.009638439737120841e+01
1.005709424362000171e+01
1.003171755252612307e+01
1.001953310026148714e+01
1.001952891597506934e+01
1.003044419082329597e+01
1.005080924223868344e+01
1.007898388947071489e+01
1.011319551533082617e+01
1.015157860919303801e+01
1.019221761284656402e+01
1.023319454686928687e+01
1.027264242065306554e+01
1.030880483067912223e+01
1.034010102647338414e+01
1.036519365580751639e+01
1.038305356819781977e+01
1.039301336221333827e+01
1.039479999759605455e+01
1.038853762442129280e+01
1.037471494729164512e+01
1.035411633207363913e+01
1.032772139695879154e+01
1.029658283080858006e+01
1.026169569953748884e+01
1.022387304138429975e+01
1.018364212164310700e+01
1.014117365010162963e+01
1.009625296728271948e+01
1.004829806098704381e+01
9.996424692143284219e+00
9.939554268157163364e+00
9.876555556411522829e+00
9.806406822312844440e+00
9.728360644997904316e+00
9.642090309508557056e+00
9.547795705323832038e+00
9.446249369608048951e+00
9.338770017481630603e+00
9.227120681663780744e+00
9.113339728393221151e+00
8.999523624095125740e+00
8.887588618394719475e+00
8.779042994181299520e+00
8.674801337864602502e+00
8.575067477569074725e+00
8.479304247149613616e+00
8.386297214270717504e+00
8.294306856652630344e+00
8.201290311766333829e+00
8.105161532607409569e+00
8.004050331076225433e+00
7.896519422018157819e+00
7.781705795544551663e+00
7.659367663186238850e+00
7.529837605656086730e+00
7.393901511985036201e+00
7.252635946696918801e+00
7.107239587907488776e+00
6.958887087735506682e+00
6.808620454182906734e+00
6.657280147555889371e+00
6.505469820942398229e+00
6.353545617314828142e+00
1.672647144771745786e+01
1.627377805446586834e+01
1.582325036880932778e+01
1.537961085628892732e+01
1.494878032708912308e+01
1.453686892757404436e+01
1.414945657833821713e+01
1.379111132451791910e+01
1.346510347794850482e+01
1.317328035214251436e+01
1.291606919698354616e+01
1.269257653349700554e+01
1.250075382201316998e+01
1.233760385742647969e+01
1.219940848436425718e+01
1.208196417261428124e+01
1.198081628296968937e+01
1.189148510179305873e+01
1.180967728042197962e+01
1.173147588601687197e+01
1.165350165533023485e+01
1.157303798572325171e+01
1.148811324855252280e+01
1.139753639278361597e+01
1.130088532968670556e+01
1.119845166139842618e+01
1.109114910786135866e+01
1.098039570766630746e+01
1.086798104136304133e+01
1.075592932387014145e+01
1.064636759917374498e+01
1.054140599623099028e+01
1.044303458504412419e+01
1.035303915802106012e+01
1.027293643971527182e+01
1.020392787616530761e+01
1.014687028465431773e+01
1.010226120995488053e+01
1.007023674674883296e+01
1.005057975554798766e+01
1.004273674791314974e+01
1.004584218734260581e+01
1.005874946857143826e+01
1.008006829295163875e+01
1.010820843022676563e+01
1.014142984652440127e+01
1.017789885680162598e+01
1.021574941751751808e+01
1.025314807084553514e+01
1.028836045504010777e+01
1.031981660694400915e+01
1.034617139618623050e+01
1.036635547814186253e+01
1.037961153701096784e+01
1.038551078328357136e+01
1.038394595654150621e+01
1.037509941157407845e+01
1.035938785752096614e+01
1.033738841695179289e+01
1.030975329504854265e+01
1.027712203603439001e+01
1.024004084713623541e+01
1.019889778379410039e+01
1.015388088415327061e+01
1.010496386246948219e+01
1.005192100370593522e+01
9.994369783595626444e+00
9.931836811384814112e+00
9.863840174334111310e+00
9.789979218985969567e+00
9.710021302937487775e+00
9.623974351266060268e+00
9.532134584008806755e+00
9.435100882828965752e+00
9.333750905383107366e+00
9.229178804035845118e+00
9.122599625483106323e+00
9.015230488635493700e+00
8.908162755563619584e+00
8.802241863744665551e+00
8.697971616066091372e+00
8.595457256233915544e+00
8.494396854205433556e+00
8.394124030767892819e+00
8.293697646608913843e+00
8.192026694977627699e+00
8.088012498009215179e+00
7.980686864082263909e+00
7.869325274799458647e+00
7.753518706015070094e+00
7.633195544404673072e+00
7.508594629295197720e+00
7.380199611625759992e+00
7.248651205709863987e+00
7.114655582623865548e+00
6.978903790643622429e+00
6.842010559271849424e+00
6.704474200880020440e+00
6.566654850674955135e+00
6.428766469313455190e+00
1.648159695376649481e+01
1.609965929904872439e+01
1.571885035739109249e+01
1.534182158581685229e+01
1.497211303480537659e+01
1.461361699747806675e+01
1.427013843335683241e+01
1.394505239538145958e+01
1.364105904725727747e+01
1.336003473123954421e+01
1.310297230162066562e+01
1.286999736473065603e+01
1.266044231931519626e+01
1.247295911065161356e+01
1.230565396811802970e+01
1.215623132121637262e+01
1.202213795468037816e+01
1.190070142297253497e+01
1.178925863586063016e+01
1.168527155406453488e+01
1.158642742205900511e+01
1.149072123123880118e+01
1.139651840622646617e+01
1.130259621056430319e+01
1.120816314741317044e+01
1.111285665463357830e+01
1.101672054002195722e+01
1.092016469920398336e+01
1.082391053916513179e+01
1.072892608333301467e+01
1.063635492525387072e+01
1.054744305830098661e+01
1.046346720375302652e+01
1.038566766319639534e+01
1.031518801212713932e+01
1.025302321654078419e+01
1.019997707861122116e+01
1.015662936451871978e+01
1.012331256669768642e+01
1.010009800681122982e+01
1.008679088247339628e+01
1.008293387387335294e+01
1.008781900657376696e+01
1.010050754277279061e+01
1.011985766891379157e+01
1.014455960303514637e+01
1.017317744460767059e+01
1.020419667928335272e+01
1.023607581295515701e+01
1.026730018776872910e+01
1.029643559968453737e+01
1.032217886818849806e+01
1.034340208432469765e+01
1.035918707491460822e+01
1.036884687937245353e+01
1.037193186265984401e+01
1.036821945344348173e+01
1.035768822236366127e+01
1.034047882780072314e+01
1.031684595150738204e+01
1.028710645247285527e+01
1.025158940342488556e+01
1.021059338437267350e+01
1.016435545192236845e+01
1.011303472323425368e+01
1.005671171023044153e+01
9.995402663048091441e+00
9.929086480928633662e+00
9.857740387835663753e+00
9.781379599687848980e+00
9.700095637478806765e+00
9.614087823922135456e+00
9.523682959229709866e+00
9.429339290997774015e+00
9.331632632239529102e+00
9.231224667569232878e+00
9.128815888986187232e+00
9.025087970330847753e+00
8.920642418012386443e+00
8.815943630786188479e+00
8.711274661294053701e+00
8.606712767563077904e+00
8.502129348365246031e+00
8.397215420731072300e+00
8.291529924026674436e+00
8.184564420935201312e+00
8.075814898236785666e+00
7.964850022257304651e+00
7.851365793957507222e+00
7.735219035022091738e+00
7.616436027987003143e+00
7.495197169593626363e+00
7.371802764258299945e+00
7.246628061316113367e+00
7.120076444693191675e+00
6.992538112961006469e+00
6.864358459061754125e+00
6.735817107128688974e+00
6.607116318918333953e+00
6.478376527391399797e+00
1.624326093464986442e+01
1.591854704831403389e+01
1.559440067173352240e+01
1.527223916357251632e+01
1.495405690546174249e+01
1.464216821960632586e+01
1.433897164764539056e+01
1.404674335746366687e+01
1.376746874670382859e+01
1.350272039998979956e+01
1.325358661836385643e+01
1.302064873115791599e+01
1.280399973889726972e+01
1.260329359265136517e+01
1.241781402507836951e+01
1.224655341550020893e+01
1.208829449139426693e+01
1.194168989194585428e+01
1.180533636556276278e+01
1.167784158448031029e+01
1.155788233035779378e+01
1.144425327284030658e+01
1.133590585672586570e+01
1.123197703195615560e+01
1.113180776952242823e+01
1.103495153755474689e+01
1.094117316865235878e+01
1.085043881609555427e+01
1.076289795024626272e+01
1.067885856770218744e+01
1.059875696249757482e+01
1.052312353366412090e+01
1.045254616918479407e+01
1.038763274344983500e+01
1.032897418907974796e+01
1.027710946262768843e+01
1.023249353842404297e+01
1.019546936130095460e+01
1.016624448906023304e+01
1.014487297568701329e+01
1.013124289810134293e+01
1.012506981605890921e+01
1.012589636517594727e+01
1.013309809096280922e+01
1.014589550590297762e+01
1.016337216784603115e+01
1.018449833323455245e+01
1.020815945922075052e+01
1.023318855514480319e+01
1.025840113537403830e+01
1.028263128611405719e+01
1.030476711422859459e+01
1.032378363098059282e+01
1.033877102271551429e+01
1.034895636788796480e+01
1.035371723344775141e+01
1.035258621972868198e+01
1.034524635612335075e+01
1.033151816928485900e+01
1.031134011635023029e+01
1.028474476145372307e+01
1.025183346426529418e+01
1.021275238362344950e+01
1.016767227422087139e+01
1.011677391830733086e+01
1.006024018264337272e+01
9.998254757978138230e+00
9.931006766662614282e+00
9.858699715110315509e+00
9.781562760913161014e+00
9.699861965748080905e+00
9.613909133244943561e+00
9.524066026369331084e+00
9.430742249483277106e+00
9.334385843372311697e+00
9.235466604725699469e+00
9.134453211888617474e+00
9.031786313355375739e+00
8.927850676054106316e+00
8.822950103555600165e+00
8.717288911995584755e+00
8.610963165949893749e+00
8.503963655693070223e+00
8.396190919817042797e+00
8.287480752538492368e+00
8.177636898565488366e+00
8.066466367104311530e+00
7.953812288524586549e+00
7.839579645920743189e+00
7.723750475460271936e+00
7.606386992332003771e+00
7.487623215630329732e+00
7.367647635871937162e+00
7.246680840115099720e+00
7.124952375476532040e+00
7.002680382572746609e+00
6.880056034259903974e+00
6.757233247241835272e+00
6.634323041126158671e+00
6.511391447232501406e+00
1.602336999666842132e+01
1.574250488018882699e+01
1.546191972657043578e+01
1.518234919628156021e+01
1.490487270603847669e+01
1.463080111277127315e+01
1.436156294078987194e+01
1.409859497789842564e+01
1.384324378366788366e+01
1.359668520729500685e+01
1.335986756012556143e+01
1.313348078255906515e+01
1.291795007776837956e+01
1.271344954758660073e+01
1.251993006421169241e+01
1.233715574244904545e+01
1.216474432620526791e+01
1.200220800362921025e+01
1.184899227487843376e+01
1.170451137475651038e+01
1.156817938289058745e+01
1.143943657657927560e+01
1.131777085171254882e+01
1.120273420725490965e+01
1.109395439921939364e+01
1.099114194811043888e+01
1.089409274504820324e+01
1.080268655386623777e+01
1.071688175350838534e+01
1.063670671058639527e+01
1.056224821953265369e+01
1.049363749917598554e+01
1.043103428735999394e+01
1.037460962237736162e+01
1.032452793309520800e+01
1.028092907347559404e+01
1.024391093137144537e+01
1.021351321840905513e+01
1.018970301031906622e+01
1.017236255834122893e+01
1.016127983605456109e+01
1.015614222454943238e+01
1.015653366948573399e+01
1.016193555780786006e+01
1.017173144951878072e+01
1.018521565481217195e+01
1.020160547335728829e+01
1.022005672860146319e+01
1.023968205885707761e+01
1.025957127936787572e+01
1.027881299726776732e+01
1.029651653543010958e+01
1.031183311443338901e+01
1.032397518918633672e+01
1.033223287703549786e+01
1.033598657128559140e+01
1.033471510725159703e+01
1.032799921262316722e+01
1.031552038785251924e+01
1.029705577226955882e+01
1.027246990065226484e+01
1.024170449217007928e+01
1.020476750462638549e+01
1.016172261948928757e+01
1.011268010785558147e+01
1.005778969833645853e+01
9.997235681230295157e+00
9.931234103989247330e+00
9.860031590494493514e+00
9.783905073702655386e+00
9.703161574924406452e+00
9.618137104687487948e+00
9.529193820238752721e+00
9.436714767641024793e+00
9.341095853839288310e+00
9.242735105446888255e+00
9.142019736159038956e+00
9.039312017559128165e+00
8.934935363849717760e+00
8.829162307148518352e+00
8.722206056217947534e+00
8.614217036423479357e+00
8.505285217317020141e+00
8.395448236118108198e+00
8.284704454515553707e+00
8.173029295450914944e+00
8.060392651597400260e+00
7.946774967282366653e+00
7.832179827927597593e+00
7.716641504390517881e+00
7.600226773371281830e+00
7.483031312754905073e+00
7.365171876111969773e+00
7.246776081315679185e+00
7.127971817777298824e+00
7.008877930211657059e+00
6.889597139966340045e+00
6.770211430448809686e+00
6.650779608045629843e+00
6.531336525180488906e+00
1.581893457484662058e+01
1.557121388853866506e+01
1.532363155023518608e+01
1.507656586160915602e+01
1.483059346211346430e+01
1.458644291426531936e+01
1.434494434480942893e+01
1.410697710574928898e+01
1.387341864162215899e+01
1.364509856987447201e+01
1.342276181900586707e+01
1.320704336387018962e+01
1.299845514517867429e+01
1.279738395657327565e+01
1.260409796661465087e+01
1.241875919262429839e+01
1.224143944082133828e+01
1.207213769503139922e+01
1.191079746583940846e+01
1.175732308818253991e+01
1.161159433361612159e+01
1.147347898049016557e+01
1.134284317648003970e+01
1.121955955420958162e+01
1.110351314159086300e+01
1.099460515922329584e+01
1.089275482834959874e+01
1.079789933162467364e+01
1.070999208073128806e+01
1.062899945447482253e+01
1.055489618268981467e+01
1.048765956799135957e+01
1.042726275947627812e+01
1.037366731753668425e+01
1.032681533322951317e+01
1.028662138603745646e+01
1.025296463871888797e+01
1.022568137638239527e+01
1.020455829800280689e+01
1.018932686154550638e+01
1.017965896855072039e+01
1.017516425023927518e+01
1.017538918301130657e+01
1.017981821277189880e+01
1.018787700093112392e+01
1.019893781892549534e+01
1.021232701692886735e+01
1.022733438692103647e+01
1.024322414347749621e+01
1.025924716388731639e+01
1.027465405909471485e+01
1.028870858396412125e+01
1.030070084428221477e+01
1.030995973304222169e+01
1.031586404557056014e+01
1.031785179097680683e+01
1.031542733509551901e+01
1.030816616715862644e+01
1.029571726209636573e+01
1.027780319180968149e+01
1.025421829945275576e+01
1.022482536990454172e+01
1.018955129202873344e+01
1.014838220683552628e+01
1.010135857179741237e+01
1.004857045669901794e+01
9.990153242029581548e+00
9.926283743330841958e+00
9.857176655027537038e+00
9.783081105255126531e+00
9.704277043088289645e+00
9.621071147789226785e+00
9.533791967106251874e+00
9.442784066667845977e+00
9.348401103310472138e+00
9.250997909500505045e+00
9.150921876582650327e+00
9.048504130524168687e+00
8.944051174659099601e+00
8.837837785666323498e+00
8.730101944015668636e+00
8.621042429534771401e+00
8.510819424614368245e+00
8.399558085910655336e+00
8.287354635268592062e+00
8.174284154712166739e+00
8.060409020510894251e+00
7.945786834442195357e+00
7.830476828571383940e+00
7.714544010161880294e+00
7.598060718242558131e+00
7.481105711399193225e+00
7.363761318898357722e+00
7.246109474474937251e+00
7.128227530819481572e+00
7.010184598536575606e+00
6.892038841034796803e+00
6.773835827595433123e+00
6.655607816571905921e+00
6.537373740991243132e+00
1.560506345238909809e+01
1.538457353546927564e+01
1.516415273795487373e+01
1.494399720745190940e+01
1.472441612419578050e+01
1.450581465734629383e+01
1.428867390392630554e+01
1.407352833961848759e+01
1.386094195915540972e+01
1.365148487086875662e+01
1.344571232949909856e+01
1.324414786279639067e+01
1.304727138860127056e+01
1.285551236019550991e+01
1.266924731507640445e+01
1.248880085228871017e+01
1.231444898793977849e+01
1.214642393727728376e+01
1.198491954982418406e+01
1.183009681705240368e+01
1.168208904546469817e+01
1.154100642842531244e+01
1.140693985655348008e+01
1.127996388366278957e+01
1.116013881953762699e+01
1.104751195829135391e+01
1.094211797640007866e+01
1.084397855139540212e+01
1.075310126370310115e+01
1.066947785310411057e+01
1.059308191036307178e+01
1.052386609554036490e+01
1.046175898783937441e+01
1.040666168653379842e+01
1.035844429677899114e+01
1.031694244635992774e+01
1.028195398870798094e+01
1.025323605314644837e+01
1.023050260454677129e+01
1.021342267072175147e+01
1.020161938665890844e+01
1.019466998990928275e+01
1.019210688024296019e+01
1.019341982749598152e+01
1.019805937300438714e+01
1.020544142225090845e+01
1.021495297214293174e+01
1.022595886154720723e+01
1.023780938492901349e+01
1.024984856931623689e+01
1.026142288260428437e+01
1.027189011392082385e+01
1.028062814589129736e+01
1.028704332978964686e+01
1.029057818380129774e+01
1.029071816517111593e+01
1.028699731793670580e+01
1.027900266484813052e+01
1.026637728834334773e+01
1.024882212318424202e+01
1.022609655406351870e+01
1.019801796721663045e+01
1.016446043978943692e+01
1.012535276115642624e+01
1.008067596637973473e+01
1.003046052711284908e+01
9.974783297242913349e+00
9.913764259420824843e+00
9.847563072464959433e+00
9.776375382387342938e+00
9.700428833198454726e+00
9.619978700854634468e+00
9.535303080193219927e+00
9.446697585124530505e+00
9.354469576940415365e+00
9.258932009784981432e+00
9.160397068932839559e+00
9.059169867215763006e+00
8.955542543478335560e+00
8.849789153397475516e+00
8.742161734590734312e+00
8.632887850806699959e+00
8.522169777989914152e+00
8.410185309419505373e+00
8.297089959419254868e+00
8.183020170305498553e+00
8.068097009208960557e+00
7.952429806281823055e+00
7.836119242699315812e+00
7.719259533531849904e+00
7.601939538896651527e+00
7.484242842742896862e+00
7.366247025623079203e+00
7.248022485139873794e+00
7.129631188963036159e+00
7.011125671833300821e+00
6.892548446489268343e+00
6.773931853907726008e+00
6.655298281533447380e+00
6.536660640858720228e+00
